100
100.0
100.8
100.80
100.81
100.89
100.9
111
111.0
111.1
111.2
111.3
111.8
111.9
200
200.0
200.00
200.01
200.02
200.03
200.04
200.05
200.06
200.07
200.08
200.1
200.10
200.11
200.12
200.13
200.14
200.15
200.16
200.17
200.18
200.2
200.20
200.21
200.22
200.23
200.24
200.25
200.26
200.27
200.28
200.3
200.30
200.31
200.32
200.33
200.34
200.35
200.36
200.37
200.38
200.4
200.40
200.41
200.42
200.43
200.44
200.45
200.46
200.47
200.48
200.5
200.50
200.51
200.52
200.53
200.54
200.55
200.56
200.57
200.58
200.6
200.60
200.61
200.62
200.63
200.64
200.65
200.66
200.67
200.68
200.7
200.70
200.71
200.72
200.73
200.74
200.75
200.76
200.77
200.78
200.8
200.80
200.81
200.82
200.83
200.84
200.85
200.86
200.87
200.88
222
222.0
222.1
222.2
222.3
222.4
222.8
222.9
300
300.0
300.00
300.01
300.02
300.09
300.1
300.10
300.11
300.12
300.13
300.14
300.15
300.16
300.19
300.2
300.20
300.21
300.22
300.23
300.29
300.3
300.4
300.5
300.6
300.7
300.8
300.80
300.81
300.82
300.89
300.9
333
333.0
333.1
333.2
333.3
333.4
333.5
333.6
333.7
333.71
333.72
333.79
333.8
333.80
333.81
333.82
333.83
333.84
333.85
333.89
333.9
333.90
333.91
333.92
333.93
333.94
333.99
444
444.0
444.01
444.09
444.1
444.2
444.20
444.21
444.22
444.8
444.80
444.81
444.89
444.9
500
500.0
555
555.0
555.1
555.2
555.9
700
700.0
800
800.0
800.00
800.01
800.02
800.03
800.04
800.05
800.06
800.09
800.1
800.10
800.11
800.12
800.13
800.14
800.15
800.16
800.19
800.2
800.20
800.21
800.22
800.23
800.24
800.25
800.26
800.29
800.3
800.30
800.31
800.32
800.33
800.34
800.35
800.36
800.39
800.4
800.40
800.41
800.42
800.43
800.44
800.45
800.46
800.49
800.5
800.50
800.51
800.52
800.53
800.54
800.55
800.56
800.59
800.6
800.60
800.61
800.62
800.63
800.64
800.65
800.66
800.69
800.7
800.70
800.71
800.72
800.73
800.74
800.75
800.76
800.79
800.8
800.80
800.81
800.82
800.83
800.84
800.85
800.86
800.89
800.9
800.90
800.91
800.92
800.93
800.94
800.95
800.96
800.99
900
900.0
900.00
900.01
900.02
900.03
900.1
900.8
900.80
900.81
900.82
900.89
900.9
999
999.0
999.1
999.2
999.3
999.31
999.32
999.33
999.34
999.39
999.4
999.41
999.42
999.49
999.5
999.51
999.52
999.59
999.6
999.60
999.61
999.62
999.63
999.69
999.7
999.70
999.71
999.72
999.73
999.74
999.75
999.76
999.77
999.78
999.79
999.8
999.80
999.81
999.82
999.83
999.84
999.85
999.88
999.89
999.9
E800
E800.0
E800.1
E800.2
E800.3
E800.8
E800.9
E888
E888.0
E888.1
E888.8
E888.9
E900
E900.0
E900.1
E900.9
E999
E999.0
E999.1
